BNTX : 4,2,0,3,4,2,0
MRNA : 3,2,0,2,1,2,0
NVAX : 2,3,4,4,1,2,1
PFE : 4,3,4,2,1,2,0
TJX : 0,1,4,2,1,2,0
AMD : 4,1,0,2,1,2,0
AVGO : 0,2,4,2,1,1,0
INTC : 2,2,4,0,3,2,0
MBLY : 1,2,4,1,2,2,0
NVDA : 4,3,0,1,2,2,0
TSM : 4,3,0,2,1,2,0
EDBL : 4,3,4,4,3,2,1
BLK : 4,3,4,2,1,0,0
BMY : 4,3,0,3,1,2,0
LLY : 4,2,0,2,1,2,0
ABBV : 0,1,0,3,1,2,1
MRK : 0,1,0,0,3,0,0
XOM : 0,2,4,3,1,2,1
CVX : 3,1,0,2,1,2,0
SLB : 0,1,0,1,4,2,0
COP : 4,3,4,2,1,2,0
CAT : 1,3,4,1,3,2,0
LMT : 0,1,4,1,1,2,1
GEHC : 3,2,0,2,2,2,0
T : 3,2,0,2,1,2,0
VZ : 4,3,0,2,1,2,0
TMUS : 4,3,4,2,1,2,0
WMT : 4,1,0,1,2,2,0
DG : 4,3,0,2,1,2,0
MCD : 4,2,1,2,1,2,1
UNH : 4,1,0,2,2,2,1
MAGS : 1,1,0,2,1,2,0
MSFT : 4,2,0,2,1,2,0
QQQ : 4,2,0,2,2,2,0
SPY : 4,3,0,2,2,0,0
LIVN : 4,3,4,2,3,0,0
PFGC : 3,1,0,0,1,2,0
NFLX : 4,3,4,2,3,2,1
WBD : 4,4,4,2,1,2,0
SYTA : 2,1,0,0,1,2,0
WRBY : 4,4,4,3,1,2,0
KELYA : 2,0,0,1,1,2,1
GOOG : 4,3,0,4,2,2,0
GOOGL : 4,3,0,3,2,2,0
HPQ : 0,1,0,0,1,2,1
TSLA : 0,2,4,2,4,2,1
TGT : 4,2,4,2,1,2,1
OKE : 4,2,0,1,3,2,0
PSTG : 4,3,4,2,1,2,0
CRI : 2,1,0,4,1,2,0
DNB : 2,4,3,3,1,2,0
CXAI : 3,1,0,0,1,2,0
ESE : 1,1,0,2,4,2,0
RBC : 4,2,0,3,1,2,1
OSUR : 3,3,4,0,1,2,0
EQS : 2,2,2,2,2,1,0
PRTC : 2,2,2,2,2,0,0
BDSX : 2,2,3,0,1,2,1
AON : 4,1,0,2,1,2,0
EIS : 2,2,2,2,2,2,0
USO : 3,2,0,1,2,2,0
FINV : 2,2,4,0,1,2,0
CSCO : 1,1,0,1,1,2,1
HD : 1,2,4,1,2,1,0
KO : 3,2,1,2,1,2,1
SCHD : 3,3,4,2,1,2,0
VIG : 0,0,0,2,1,2,0
GPUS : 0,1,4,0,1,1,0
VRTX : 4,2,4,4,4,2,1
MSCI : 0,0,0,2,3,2,0
MELI : 0,2,4,3,2,2,0
TOL : 4,3,4,2,1,2,0
PWR : 4,3,0,2,2,2,0
AIFU : 4,4,4,4,1,2,1
AEM : 4,1,0,2,1,2,0
LOW : 0,1,4,2,4,2,1
ARKK : 4,4,4,2,1,2,0
ARKW : 4,2,0,4,1,2,0
BTC : 3,2,0,1,2,2,0
PANW : 4,3,0,2,1,2,0
QBTS : 4,1,0,2,1,2,0
AAPL : 2,2,0,2,1,1,0
GOGL : 1,0,0,1,1,2,1
EWU : 2,2,2,2,2,2,0
ABNB : 0,1,0,2,1,2,1
BLTE : 4,2,0,2,1,2,1
WRD : 1,2,4,4,1,0,0
WB : 3,3,4,1,3,2,1
VFC : 0,2,1,1,3,2,1
AKYA : 2,4,4,4,4,2,1
QTRX : 1,3,4,2,1,2,1
SLSR : 2,2,2,2,2,0,0
AX : 0,0,0,3,1,2,0
NCEW : 2,2,2,4,4,2,1
CNMD : 0,0,0,2,3,2,0
CFSB : 2,2,2,2,2,2,0
FLG : 0,3,4,3,1,2,1
RF : 1,1,0,0,1,0,0
PNFP : 0,0,0,1,4,2,0
TELO : 1,2,1,4,1,0,0
SEIC : 4,1,0,0,2,2,1
PB : 0,1,0,2,1,2,0
WOLF : 0,4,4,4,2,2,1
PSX : 0,0,0,2,4,2,1
PD : 0,1,0,2,1,2,0
LHX : 3,1,0,4,2,2,0
FUN : 0,1,0,0,2,2,1
NNN : 3,1,0,2,1,2,1
WM : 0,1,0,2,2,2,0
LEVI : 2,1,0,0,2,2,1
DXC : 2,2,3,1,1,0,0
OFAL : 2,2,1,4,4,2,0
VIK : 0,1,0,2,2,2,1
URI : 0,2,4,2,1,2,1
LI : 0,1,0,2,1,2,0
FXI : 2,1,0,2,3,2,0
XP : 3,2,0,0,3,0,0
AZN : 4,3,4,3,1,0,0
IFF : 4,2,0,1,2,2,0
JNJ : 4,2,0,2,1,2,1
TLT : 0,1,0,2,1,2,0
SEDG : 3,3,4,0,3,2,1
CMCSA : 3,2,0,3,1,1,0
BX : 1,3,4,2,3,2,0
NVTS : 4,3,4,0,2,2,1
EQH : 0,1,0,3,1,2,1
NBTX : 2,2,2,2,2,2,0
AMT : 2,2,2,2,2,2,0
BORR : 2,2,1,3,1,2,0
AMZN : 4,4,4,2,1,2,1
NKE : 4,3,0,2,1,2,0
PH : 4,2,0,2,2,2,1
LAZR : 0,1,1,0,4,2,1
HON : 3,1,0,2,3,2,0
WY : 0,0,0,2,2,2,1
KEYS : 0,0,0,2,1,2,1
TXN : 4,3,0,2,1,2,0
IDXX : 0,1,0,4,2,2,0
ELV : 0,2,4,3,1,2,0
ET : 2,2,4,1,1,2,0
KEX : 0,1,0,2,2,2,0
SNOW : 4,2,0,1,4,2,0
META : 4,3,0,3,2,2,0
COIN : 0,2,0,2,1,2,0
PLTR : 4,3,4,4,3,2,0
ATUS : 2,2,2,0,1,2,1
CHTR : 0,2,0,2,1,1,0
SOC : 0,1,0,4,1,2,1
BIDU : 0,2,4,2,1,1,0
NOK : 2,2,3,1,2,2,1
LODE : 1,2,4,4,1,2,1
CRVL : 4,2,4,2,2,2,1
WIX : 0,1,4,2,2,2,0
ATAT : 4,3,4,1,2,2,1
URBN : 4,4,4,0,1,0,0
SRPT : 0,1,0,3,2,2,1
USD : 0,1,4,3,2,2,1
VTEX : 2,1,0,1,2,2,1
BBW : 0,1,0,2,2,2,0
ELAB : 2,2,0,4,3,2,1
DOCS : 0,1,0,1,2,2,1
LCID : 2,2,3,1,1,0,0
MAG : 4,2,0,4,1,0,0
MRVL : 4,3,4,4,1,2,1
MU : 4,2,4,4,1,2,1
PAAS : 4,1,0,2,1,0,0
PONY : 4,3,0,0,2,2,0
ULTA : 0,1,0,2,3,2,0
LUMN : 1,2,3,1,1,0,0
GOOS : 4,3,4,4,1,2,1
JZXN : 2,1,0,2,2,1,0
RIO : 3,1,0,2,4,0,0
F : 3,3,2,2,1,2,1
GM : 0,1,0,1,3,2,1
RIVN : 2,3,4,2,3,2,0
STLA : 1,1,0,0,1,2,1
POAI : 2,1,0,1,1,1,0
RENB : 2,3,3,2,3,1,0
ZM : 0,2,4,3,2,2,1
ELF : 4,4,4,2,2,2,0
TLRY : 2,3,2,0,1,0,0
YOLO : 2,2,2,2,1,2,0
DY : 4,2,0,2,3,2,0
AAP : 0,0,0,2,1,2,0
CIBR : 3,3,4,2,1,2,0
CRWD : 4,3,0,4,1,2,1
ENPH : 0,1,0,1,3,2,1
FSLR : 4,3,4,0,3,2,1
ITA : 1,2,4,1,1,2,1
IYT : 0,1,0,3,2,2,1
PBW : 0,2,1,4,2,2,1
RUN : 3,3,4,4,4,2,0
TAN : 4,3,4,3,1,0,0
NMRK : 0,2,4,0,1,2,1
TOST : 0,2,4,4,4,2,0
HNGE : 2,2,2,2,2,2,0
ARQT : 0,1,3,0,4,2,0
GSK : 2,1,0,2,2,2,1
CVS : 0,2,0,3,1,2,1
VTI : 3,3,4,2,1,2,1
COST : 4,2,0,1,2,2,0
RGTI : 4,4,4,3,1,2,1
SBUX : 2,3,0,3,1,2,1
FIX : 0,3,4,2,1,2,0
LTRY : 2,1,2,1,4,2,0
NEXN : 1,1,0,1,2,2,1
PK : 1,2,4,2,2,2,0
BULL : 1,3,4,4,3,2,1
USIO : 2,1,2,4,1,2,0
IONQ : 3,1,0,4,2,2,0
NSC : 2,2,2,2,2,2,1
ADAG : 2,2,2,2,2,2,1
BCAX : 0,1,0,4,4,1,0
MPLY : 2,2,2,2,2,2,0
CNP : 2,2,0,4,3,2,1
HTBK : 1,1,3,2,3,2,0
BEP : 0,0,0,2,1,2,1
BHP : 0,2,1,2,2,2,0
CCJ : 4,4,4,4,1,2,0
D : 0,2,4,1,1,2,1
TRV : 0,2,0,2,1,2,0
L : 0,2,2,2,3,2,0
OR : 4,2,0,0,1,2,1
SMST : 2,2,3,0,1,1,0
QVCGA : 2,2,2,2,2,2,0
QVCGB : 2,2,2,2,2,2,0
DGLY : 4,2,4,1,1,2,1
BA : 4,4,4,3,2,2,0
GE : 4,3,4,1,3,2,0
ARKQ : 3,2,0,1,2,2,1
XYZ : 2,2,4,2,1,2,0
DIS : 1,1,0,2,1,2,1
BAC : 3,1,0,2,2,2,1
C : 4,4,4,2,3,0,0
JPM : 4,3,0,2,1,2,0
WFC : 4,3,4,2,1,1,0
XLF : 3,3,2,2,3,1,0
GS : 0,3,4,2,3,2,0
BBJP : 2,2,2,2,2,2,1
EWG : 4,2,0,2,1,2,1
WDAY : 0,1,0,2,1,0,0
UBER : 4,1,0,0,4,2,0
ADSK : 4,2,0,1,2,2,0
AUPH : 4,3,4,2,1,0,0
BAH : 2,1,0,0,1,0,0
BKE : 2,2,0,4,3,2,1
BLMZ : 2,3,2,4,1,2,0
FRO : 0,2,4,0,1,2,1
HNRG : 0,1,0,0,1,0,0
INTU : 4,4,4,3,3,2,0
VGK : 4,3,4,2,1,2,0
PHUN : 2,1,0,3,1,2,0
BABA : 0,1,0,3,1,2,1
PPTA : 2,1,0,0,1,0,0
ATXS : 2,2,3,3,2,2,0
PCLA : 2,3,4,4,1,2,1
TRNO : 2,2,2,2,2,2,0
KRT : 2,2,2,2,2,2,0
RHI : 0,1,0,0,1,2,0
UPS : 3,2,0,2,1,0,0
HAFN : 1,1,0,2,4,1,0
LFMD : 3,1,0,0,1,2,0
QSI : 2,2,0,4,3,1,0
ZS : 4,2,4,0,4,2,0
FANG : 0,2,4,3,2,2,1
DVN : 0,2,4,0,3,0,0
WSM : 4,2,4,2,4,2,0
CRM : 0,2,4,1,2,2,0
LEU : 4,3,4,4,1,2,0
LTBR : 4,3,4,4,1,2,0
NXE : 4,3,4,0,4,2,0
OKLO : 0,3,4,0,3,2,1
SMR : 4,4,4,4,2,0,0
UEC : 1,2,4,0,4,1,0
UUUU : 4,3,4,4,3,2,0
FVRR : 4,3,4,2,2,0,0
HQY : 4,2,0,2,4,2,0
AZO : 0,2,4,1,1,2,1
DECK : 0,1,0,3,2,2,0
IMNN : 3,3,4,0,2,1,0
MNSO : 0,1,0,1,1,2,0
ROST : 0,2,4,1,2,2,0
EFZ : 2,2,2,2,2,2,0
FEZ : 0,2,4,1,2,2,0
HEZU : 1,1,0,2,1,2,0
EOG : 2,2,2,2,2,0,0
MGY : 0,3,4,2,2,2,0
URA : 1,1,4,2,1,2,0
MRUS : 4,2,0,4,1,2,0
ADI : 2,3,4,2,1,2,1
MSEX : 2,2,2,2,2,2,0
JYD : 2,1,2,4,1,2,0
PSTV : 2,3,4,4,3,2,1
SATX : 2,1,0,2,1,2,0
PLRZ : 2,1,2,4,2,1,0
UGRO : 2,2,2,0,1,2,0
ILLR : 2,3,3,0,3,2,0
UBS : 1,2,4,2,2,2,1
TPET : 2,1,0,0,1,2,0
LVO : 2,2,1,4,2,2,0
CBRL : 2,2,2,2,2,2,0
EXP : 0,3,4,2,2,2,1
COHR : 0,2,4,0,1,2,0
VNOM : 4,2,0,4,1,2,1
CHRD : 2,2,2,2,2,2,1
ALSN : 0,1,0,3,2,0,0
ETN : 4,3,4,2,1,2,0
NET : 4,2,0,2,1,2,0
WHLRP : 2,2,2,2,2,2,1
APVO : 3,4,4,4,1,2,1
WHLR : 1,1,4,2,1,1,0
ARKX : 1,2,4,3,1,2,0
BLDE : 2,3,4,4,1,2,1
BWXT : 4,3,4,4,1,2,1
KIND : 2,2,3,2,1,2,0
LUNR : 2,2,4,4,1,2,1
SONY : 2,1,0,0,1,2,0
AACT : 2,2,2,2,1,2,0
OKTA : 0,1,0,0,4,2,1
ABEO : 2,1,0,0,1,2,0
CMBM : 2,2,1,4,1,0,0
CNF : 2,2,2,2,2,2,1
DGNX : 0,3,4,4,1,2,0
EH : 2,3,4,4,4,0,0
ETWO : 2,3,4,4,1,2,0
TMQ : 2,2,2,2,2,2,0
TRX : 2,3,2,3,1,2,0
TEM : 0,1,4,0,1,2,0
NXT : 0,2,4,2,2,2,0
RAYS : 2,2,2,2,2,2,0
X : 0,3,4,4,2,2,0
CMC : 2,2,2,2,2,2,1
RCKT : 0,2,4,4,2,2,0
NPCE : 0,1,0,4,1,2,0
PLUG : 3,3,1,4,2,2,0
ZENA : 4,3,1,0,1,2,1
NSIT : 0,2,0,1,2,2,1
STAA : 2,3,4,2,3,2,0
DJT : 0,1,0,2,4,1,0
GLD : 0,1,0,2,1,0,0
REGN : 4,3,4,3,2,2,0
MCO : 2,2,2,2,2,2,1
WCC : 4,3,4,1,3,2,0
CNM : 3,1,0,4,1,1,0
PRVA : 2,2,2,2,2,2,1
CMI : 0,3,4,2,3,2,0
ONON : 4,3,4,2,1,2,0
AGCO : 0,3,4,3,1,2,1
AMAT : 4,2,0,3,1,2,1
BLDR : 2,3,4,2,2,2,0
COF : 4,2,0,1,2,2,1
MRP : 1,3,4,1,2,2,0
SLM : 2,2,2,2,2,2,0
DKS : 4,3,4,2,2,1,0
FL : 2,2,0,3,1,2,1
FTNT : 4,3,4,2,2,0,0
CPRT : 0,2,4,2,2,1,0
DIA : 4,3,4,1,3,2,0
FICO : 0,2,0,2,3,2,0
HEI : 4,2,4,0,1,2,0
HOLX : 4,3,4,1,1,2,0
IWM : 4,2,0,2,1,2,0
KR : 0,2,0,3,2,1,0
PDD : 0,2,4,3,2,2,0
TMC : 3,2,0,2,3,2,0
CNAV : 2,2,2,2,2,0,0
DELL : 0,1,0,2,2,2,0
HPE : 4,3,4,2,4,0,0
NTAP : 0,4,4,2,3,0,0
SKYY : 4,3,4,1,2,2,0
FERG : 4,4,0,2,1,2,0
ANAB : 0,1,0,2,4,2,0
RKLB : 4,3,4,2,1,2,1
EOLS : 2,2,0,3,1,2,0
NCNO : 4,2,0,4,2,0,0
ROL : 0,1,0,2,4,2,0
BIP : 2,2,2,2,2,2,0
BROG : 4,4,4,4,4,2,0
MMC : 2,2,4,2,4,2,0
API : 2,1,0,0,2,2,0
VRT : 4,3,4,2,1,2,0
CNC : 1,1,0,2,1,2,1
MCK : 4,3,4,0,1,2,1
ASPSW : 2,2,2,2,2,2,0
ASPS : 2,1,1,0,2,1,0
ASPSZ : 2,2,2,2,2,1,0
LYRA : 4,1,0,0,4,2,1
RDDT : 4,2,0,2,1,2,0
DASH : 4,1,0,2,1,1,0
MKL : 4,3,4,1,1,2,0
VNET : 3,4,4,4,4,2,0
CRWV : 0,1,0,4,1,1,0
GOAU : 2,2,2,2,2,1,0
ALLW : 2,2,0,2,1,2,1
AZUL : 2,2,0,4,1,2,1
YTRA : 2,3,3,2,1,2,0
ALVO : 3,3,4,0,1,0,0
MTN : 0,1,0,2,2,1,0
SPRO : 2,3,4,0,1,2,0
PHR : 1,3,4,2,2,2,0
ELUT : 2,2,2,2,2,2,1
MSTR : 4,2,0,2,1,2,0
DFDV : 1,0,0,0,4,2,0
BLND : 1,1,3,1,3,2,0
GLXY : 4,3,4,0,4,2,1
TOON : 2,3,3,4,3,2,0
GME : 3,3,4,1,3,2,1
WLK : 0,1,0,2,2,2,0
FI : 0,2,4,2,4,2,1
CRH : 0,1,0,2,4,2,0
NLR : 4,2,0,0,2,1,0
HE : 3,3,4,2,2,0,0
ARCT : 3,2,4,3,2,2,0
CETX : 0,0,0,0,1,2,0
IFRX : 0,1,4,4,1,2,1
M : 3,2,0,2,2,2,0
MNRO : 4,4,4,0,3,1,0
SGN : 4,3,4,4,1,2,1
CVNA : 4,4,4,2,2,2,0
EBIZ : 2,2,2,2,2,1,0
ZBRA : 4,2,0,1,4,2,0
GIL : 3,1,0,1,2,2,1
IXC : 2,2,2,2,1,2,0
XLE : 3,1,0,2,1,2,1
ALV : 4,4,4,2,1,2,1
BTDR : 0,2,4,0,1,2,1
PRMB : 1,2,4,2,4,2,1
WASH : 1,2,0,1,4,2,1
ASML : 4,2,4,4,1,2,0
BJ : 0,2,4,2,2,2,0
USM : 4,2,0,3,4,0,0
VXRT : 2,1,2,0,1,2,0
APP : 0,2,0,2,1,2,0
BHVN : 2,2,0,0,1,2,1
S : 0,1,0,0,4,2,0
USPH : 0,2,4,2,3,2,0
NWTN : 1,1,0,0,1,2,1
ATS : 4,2,0,2,1,2,0
TYL : 4,4,4,2,4,2,0
GANX : 2,2,3,3,1,2,0
UFCS : 3,1,0,2,1,2,1
JAMF : 2,2,2,2,2,2,0
SYK : 4,1,0,2,4,2,0
INSM : 4,3,0,1,1,2,1
KLAC : 4,2,0,2,2,2,0
TAOP : 2,2,2,0,1,1,0
PHM : 0,1,0,2,1,2,0
BH : 0,1,0,2,1,2,0
CVAC : 3,1,0,0,1,2,0
KSS : 3,2,1,1,1,2,0
AI : 4,3,4,4,2,2,1
ABLD : 2,2,2,2,2,2,0
SHEH : 2,2,2,2,2,2,1
SHEL : 0,2,0,1,2,2,0
TTE : 2,2,4,3,3,2,1
BNZI : 2,1,2,1,3,2,0
HRL : 3,2,0,2,1,0,0
ANF : 4,1,0,2,1,1,0
YUMC : 4,3,4,0,1,2,1
DOOO : 2,1,0,2,2,0,0
SAGT : 2,2,2,2,2,2,1
STE : 0,2,4,3,1,2,1
LE : 2,1,1,0,2,2,1
PEPG : 2,3,4,4,2,2,0
ESEA : 0,1,0,2,1,0,0
IINN : 2,2,3,4,4,0,0
CDNS : 2,2,2,2,2,2,1
SMHX : 3,2,0,0,1,2,0
SNPS : 4,3,0,1,2,2,0
WUGI : 2,2,2,2,2,2,0
PM : 0,1,0,2,4,2,0
NAMI : 1,1,0,0,4,1,0
BRT : 2,2,0,2,1,2,0
COLD : 1,2,4,1,2,0,0
PEB : 2,2,0,3,4,2,0
ORIC : 4,3,4,0,2,2,0
INTS : 2,2,2,4,1,2,0
ACM : 4,3,4,2,1,2,0
IBM : 4,3,0,2,1,2,0
TDIV : 4,2,0,3,2,0,0
TDVI : 2,2,2,2,2,2,0
WMG : 2,1,2,2,2,2,0
NXRT : 2,2,4,3,2,2,0
TEVA : 0,1,0,1,1,2,0
GILD : 0,0,0,2,2,2,0
ILMN : 4,3,4,1,1,2,1
HYDR : 2,2,2,2,2,2,0
MULN : 1,1,0,4,3,2,0
CPRI : 4,2,0,2,2,2,0
TPR : 4,3,4,1,1,2,0
NAMS : 0,3,4,2,2,2,0
VIRT : 0,1,0,3,2,2,0
NXTC : 2,2,2,0,1,2,1
LASE : 2,2,2,4,2,2,0
NRG : 0,2,4,3,1,2,1
PATH : 3,1,0,2,2,2,0
OVV : 4,2,0,1,3,2,1
EAT : 1,1,0,1,2,2,1
ASND : 4,3,4,2,3,2,0
HCA : 4,2,0,4,3,2,1
EME : 4,3,4,2,2,2,0
EJH : 2,2,2,0,1,1,0
TIGR : 2,2,4,4,1,2,1
CGC : 2,2,4,0,1,2,0
QUBT : 4,3,4,0,4,0,0
BBY : 0,0,0,2,1,0,0
CAL : 0,1,0,4,1,0,0
SCVL : 0,3,4,4,1,2,1
TATT : 0,1,0,3,2,2,1
ORCL : 4,4,4,3,1,2,1
JG : 2,2,2,2,2,0,0
SY : 2,2,0,1,1,2,0
EOSE : 3,4,4,4,2,2,1
TIRX : 4,4,4,4,4,2,0
BBWI : 0,1,1,2,1,1,0
GAP : 0,0,0,1,1,2,1
BLRX : 1,2,4,4,4,2,1
CHA : 4,2,4,2,1,2,0
FTXO : 2,2,4,3,3,2,0
GATX : 4,4,4,4,1,2,1
KBWB : 3,2,0,1,2,2,0
GRND : 3,2,4,3,1,2,0
SNX : 4,3,4,4,2,2,1
RY : 0,1,4,3,2,2,1
VSCO : 0,1,4,1,1,2,0
PTNM : 2,2,2,2,2,2,0
COO : 0,2,4,0,2,2,0
ESTC : 0,1,0,3,2,2,0
PLMR : 4,3,4,2,3,2,0
HSBC : 3,2,4,2,1,2,1
CM : 1,3,4,3,1,2,0
BBNX : 2,2,2,2,2,2,1
VEEV : 4,2,0,4,1,0,0
DCI : 2,2,2,2,2,2,0
DENN : 2,2,0,2,2,2,0
REMX : 1,2,0,1,4,1,0
H : 4,2,4,2,4,0,0
DIST : 2,2,2,2,2,2,1
TVRD : 3,2,0,3,1,2,1
CNFR : 2,2,2,2,2,2,1
MSGM : 2,1,1,0,1,2,0
CTXR : 3,2,2,3,1,2,0
CSGP : 4,2,4,1,2,2,0
GWW : 4,3,4,2,4,2,0
RETO : 2,2,2,2,2,2,0
APLD : 0,0,0,0,2,2,1
PFG : 2,2,2,2,2,2,0
STZ : 0,2,4,3,2,2,0
UNG : 0,1,4,3,1,2,0
SBET : 0,2,3,4,1,2,0
IESC : 4,2,4,2,4,2,0
CLF : 3,2,1,0,1,1,0
NUE : 4,3,0,4,2,2,0
STLD : 4,1,0,2,3,1,0
MT : 1,3,4,4,1,0,0
RS : 0,3,4,4,1,0,0
WS : 2,2,2,2,2,2,1
APDN : 4,4,4,2,1,2,1
EKSO : 2,2,2,2,1,1,0
LYEL : 2,3,3,4,1,1,0
CI : 4,1,0,2,2,2,0
ISRG : 4,2,0,4,1,2,0
ADPT : 2,2,2,2,2,2,1
LIF : 2,2,2,2,2,2,0
AHL : 2,2,2,2,2,2,1
ADIV : 2,2,2,2,2,2,0
ASHR : 4,3,0,2,1,2,1
BBEU : 0,1,0,2,1,2,0
BOIL : 0,2,4,4,2,2,0
CQQQ : 4,4,4,1,1,1,0
CPB : 3,2,0,2,2,2,0
NTRB : 2,2,2,2,2,2,1
HYPR : 2,2,2,0,1,2,0
MRSN : 2,3,3,3,2,2,0
FORM : 2,2,2,2,2,2,0
DOW : 4,3,0,3,1,2,1
NDIV : 2,2,2,2,2,2,0
SPHD : 3,2,0,0,4,2,0
ASPI : 1,1,0,0,4,2,0
REPL : 4,3,4,0,2,2,1
RGR : 2,2,2,2,2,2,1
SWBI : 2,2,2,2,2,2,0
CORT : 0,2,4,2,2,2,0
CAG : 2,2,0,3,2,2,1
SONM : 2,2,2,0,1,2,0
BKR : 4,3,4,3,3,2,1
AG : 3,4,4,1,2,2,1
BPMC : 3,2,0,2,1,2,0
CENX : 4,3,4,0,3,0,0
EGO : 4,3,4,2,2,2,1
HL : 3,4,4,0,2,2,1
IBRX : 2,2,2,1,1,2,0
KYMR : 4,1,0,0,1,2,1
LQDA : 4,2,2,4,2,2,1
HRMY : 3,2,0,1,2,2,1
AQST : 2,2,3,4,1,2,0
HTZ : 1,2,4,2,3,2,0
QGEN : 3,2,0,2,2,2,0
IBKR : 0,2,4,2,3,2,0
NIO : 2,1,1,0,4,2,0
MSAI : 2,2,3,4,4,2,0
FWRD : 4,2,4,4,1,2,1
BYFC : 2,2,2,2,2,1,0
CRDF : 3,2,0,4,3,2,0
CP : 2,2,2,2,2,2,0
TCX : 2,2,2,2,2,2,0
TC : 2,2,2,4,1,2,1
PBA : 2,2,2,2,2,2,0
AGAE : 0,1,1,4,3,2,0
AMST : 2,2,2,0,1,2,0
CLEU : 2,2,4,0,1,2,0
ECDA : 2,2,2,3,1,2,1
FLYE : 2,2,3,0,1,2,0
GORV : 2,3,2,0,1,2,0
LVWR : 3,2,0,4,1,2,0
MMA : 2,2,1,0,1,2,0
NAAS : 2,2,2,3,1,2,0
NRDY : 2,2,3,1,1,2,1
UHG : 4,4,4,4,1,2,0
MASI : 2,2,2,2,2,2,0
KURA : 2,2,2,2,2,0,0
BASE : 4,1,0,2,2,2,0
BKNG : 4,4,4,2,1,2,1
MS : 3,3,4,2,3,2,0
ARGX : 0,1,0,2,1,0,0
GWRE : 2,2,2,2,2,2,0
AGMH : 3,3,4,4,4,2,0
MQQQ : 2,2,2,2,2,2,0
QQQP : 2,2,2,2,2,2,0
SPYQ : 2,2,2,2,2,2,0
CMG : 2,1,0,1,3,2,0
GNLN : 4,3,4,0,4,2,1
HLIT : 2,2,2,2,2,2,1
ACN : 0,2,0,2,4,1,0
ICE : 4,2,0,2,3,2,0
AMG : 2,2,2,2,2,2,0
CRDO : 4,3,4,3,1,2,1
HIMS : 4,4,4,4,3,1,0
MLTX : 0,3,4,3,1,2,1
ARMK : 2,2,2,2,2,0,0
CIEN : 0,2,4,2,1,2,1
DLO : 1,2,4,0,2,2,1
ENB : 4,4,4,3,2,2,1
SOAR : 3,2,0,0,1,2,0
KAPA : 2,3,4,0,4,2,0
EVAX : 3,2,1,1,1,2,0
SPSC : 2,2,2,2,2,0,0
CCL : 4,3,4,0,3,2,1
JOBY : 4,3,4,0,2,2,1
HUM : 0,2,0,2,4,2,1
XAGE : 2,1,0,0,1,2,0
PAYX : 4,4,4,2,4,2,0
FDS : 4,2,0,2,1,0,0
PINS : 4,3,4,3,2,2,1
ADBE : 1,3,4,2,1,2,0
HUBS : 2,2,2,2,2,2,0
RBBN : 2,2,4,2,2,2,1
SGD : 1,1,2,4,1,2,1
TRAW : 3,2,0,1,1,2,1
TRVI : 1,2,2,0,2,2,0
UNFI : 0,1,4,3,2,2,0
HOOD : 4,2,0,4,1,2,1
AAL : 3,3,4,1,1,2,0
ALK : 1,2,4,2,2,2,0
DAL : 4,3,4,1,1,2,0
JBLU : 2,2,1,3,2,1,0
LUV : 0,3,4,1,2,2,0
UAL : 4,2,0,2,1,2,1
ULCC : 2,2,4,2,2,2,0
AQN : 4,2,0,3,3,2,1
IFRA : 4,3,4,2,2,2,1
IMMX : 1,0,0,0,2,2,0
CREV : 2,2,1,3,1,2,0
TSHA : 2,3,3,4,1,2,0
LUCD : 2,1,2,0,4,2,0
LITE : 4,2,0,2,3,1,0
UTL : 2,1,0,1,1,2,1
AXON : 4,3,4,2,2,2,0
MLI : 4,3,4,2,1,2,0
KMI : 4,2,1,2,1,2,0
CARR : 1,3,4,3,1,2,1
NTNX : 4,2,4,2,1,2,0
COR : 2,2,0,3,1,2,0
BANL : 2,2,2,2,2,2,1
DBC : 0,1,3,2,1,1,0
VIGL : 2,2,2,2,1,2,0
CLGN : 1,2,3,2,1,2,0
AKBA : 3,3,4,4,1,2,1
CUPR : 2,2,2,2,2,0,0
RIME : 1,2,4,0,1,2,0
AMOD : 2,3,4,4,2,2,1
PEGA : 4,2,4,2,2,0,0
STAI : 2,3,3,0,1,2,0
NG : 1,1,0,2,4,2,0
CME : 0,1,0,3,2,0,0
CLRB : 4,1,0,3,3,0,0
DLTR : 4,2,0,4,3,2,0
KWM : 4,3,4,4,2,2,0
PTLE : 0,1,0,0,1,2,1
RAY : 2,2,2,2,1,2,0
RSLS : 2,3,4,0,1,2,0
APH : 3,1,0,2,1,2,0
EPD : 3,3,4,2,1,2,1
ASAN : 2,2,0,3,1,2,0
YEXT : 4,1,0,2,2,2,1
USB : 3,2,0,0,2,2,1
EFX : 3,2,0,4,1,2,1
MAMA : 2,2,4,4,1,2,0
ASO : 4,3,4,1,2,0,0
CRML : 2,2,3,4,4,2,0
EDEN : 2,2,2,2,2,2,0
PVH : 0,2,4,3,1,1,0
TER : 4,2,0,0,1,2,0
RIG : 2,2,3,0,4,2,0
XELB : 2,2,3,0,1,2,0
SIG : 4,2,0,3,2,2,1
EBTC : 2,2,4,2,1,2,0
INDB : 1,2,3,2,2,2,0
DVAX : 3,2,0,2,2,2,0
DKNG : 3,3,4,2,1,2,0
RCI : 3,2,0,3,2,2,0
CF : 0,1,4,1,2,0,0
SSNC : 0,1,1,1,4,2,0
FCFS : 0,0,0,0,2,2,0
ORI : 3,1,0,2,3,2,0
SPOT : 4,3,4,2,2,0,0
FNV : 4,3,0,4,1,2,1
AREC : 2,1,0,2,1,2,0
MP : 0,3,4,1,2,2,0
MDB : 4,2,0,2,1,2,0
EWA : 3,2,0,2,2,2,0
TTC : 2,1,0,0,1,2,1
ADXN : 2,2,2,2,2,2,1
LYB : 4,2,0,1,2,2,0
PG : 0,2,0,2,1,1,0
YB : 4,4,4,4,1,2,0
ZBAI : 2,2,3,3,4,2,0
IMRX : 3,3,1,3,4,2,1
CXM : 3,2,0,0,2,2,1
KMB : 0,1,0,0,1,2,0
SUZ : 2,3,4,4,4,2,0
IREN : 3,2,0,4,1,2,0
SLV : 4,4,4,2,4,2,0
CHPT : 2,1,1,4,1,2,0
PAVE : 4,2,0,3,3,1,0
DSGX : 0,1,0,3,2,2,1
AREN : 4,2,0,0,1,2,1
AJG : 0,0,0,2,2,2,1
SCLX : 4,2,0,0,2,2,1
ATOS : 2,2,2,4,1,2,1
ACAD : 1,2,0,0,1,2,1
RBLX : 0,1,0,2,1,2,0
CLOV : 2,2,1,3,3,0,0
EHTH : 2,2,0,0,2,0,0
ELEV : 2,2,1,2,1,2,1
GOCO : 3,2,0,0,3,0,0
CRCL : 0,2,4,0,2,2,1
EE : 4,4,4,2,2,2,1
PYPD : 3,2,0,1,1,2,1
TLX : 3,2,4,1,1,2,0
MDT : 3,3,4,2,3,2,0
GBCI : 4,2,0,2,4,2,0
SO : 0,2,0,2,2,2,1
UDMY : 2,1,0,1,1,2,1
V : 4,4,4,2,3,2,1
VALN : 2,2,2,2,2,0,0
BAX : 3,3,4,4,2,2,1
GES : 3,2,0,4,3,0,0
WOOF : 1,1,0,4,1,2,1
TTAN : 4,1,0,0,3,2,0
NX : 4,3,4,0,3,2,0
WKC : 2,4,4,4,1,2,1
PJT : 4,3,4,2,1,2,1
ZJK : 4,2,1,1,1,0,0
IDRV : 2,2,0,1,3,1,0
KARS : 4,3,4,2,1,1,0
PIPR : 4,2,4,2,3,2,0
GTX : 1,2,4,4,4,2,1
CTAS : 0,1,0,1,3,2,1
ASTS : 4,3,4,4,4,2,0
SPCE : 2,2,4,0,1,2,0
RYTM : 4,3,4,4,2,2,0
SFM : 0,1,4,1,2,2,1
IPAR : 4,2,0,3,1,2,1
DOGZ : 2,2,0,2,1,2,0
INAB : 4,4,4,4,1,2,1
TPC : 4,3,4,1,2,2,1
STRL : 4,3,4,4,1,2,1
ARKB : 0,2,4,3,1,2,1
ARKF : 4,2,0,4,1,2,0
DXJ : 2,2,2,2,2,2,1
EWJ : 0,0,0,2,1,1,0
AVD : 3,3,3,0,1,2,0
ABM : 0,1,0,4,4,1,0
DOCU : 0,2,4,1,1,0,1
MOS : 0,1,0,4,4,2,1
RVYL : 2,2,2,4,4,2,0
MANU : 2,2,2,2,2,2,1
COKE : 0,3,4,2,2,2,1
DEO : 0,1,0,1,3,2,1
CASY : 4,2,0,1,2,2,1
CURV : 1,2,4,3,4,2,1
DSX : 2,2,1,1,1,2,1
JBDI : 1,0,0,0,1,0,0
DRI : 0,1,4,1,4,1,0
APLS : 3,2,1,4,1,2,0
AVAV : 4,3,4,0,2,2,0
BYRN : 4,4,4,3,3,2,1
COGT : 4,4,4,4,3,2,1
LEGN : 4,4,4,2,2,2,0
QXO : 1,1,0,0,1,2,1
TECK : 4,3,4,2,2,2,0
KOID : 2,2,2,2,2,2,0
PHAT : 4,4,4,4,4,0,0
DTCK : 2,2,2,2,2,2,1
LULU : 4,3,0,3,1,2,0
VERA : 0,1,0,4,2,2,0
VERO : 0,1,0,0,1,2,0
SNTI : 4,3,4,4,2,2,0
BMNR : 0,2,4,0,1,2,1
RBRK : 4,2,0,0,3,2,1
IOT : 0,3,4,1,2,2,0
XLV : 4,2,0,1,3,2,0
CYCU : 2,2,1,4,2,2,0
ABL : 0,2,4,2,1,2,0
GTLB : 0,0,0,4,1,2,1
ADTN : 1,2,2,3,4,1,0
VIAV : 3,3,4,1,4,1,0
RXRX : 3,2,3,0,4,0,0
O : 2,2,4,2,3,2,1
OMF : 4,3,4,3,4,2,0
KNW : 3,3,4,0,3,2,1
MTEN : 2,3,4,2,1,2,0
EWBC : 4,3,4,2,3,2,0
PLYA : 2,2,2,2,4,0,0
ROLR : 1,2,0,4,1,2,0
CACI : 4,2,4,2,2,2,0
SKYX : 2,2,2,0,1,2,0
BGI : 2,2,2,0,1,2,0
BQ : 2,2,2,0,2,2,0
FAT : 3,3,4,4,1,2,0
GDHG : 2,3,4,0,3,2,0
NCI : 2,1,1,0,3,2,0
PLCE : 3,1,0,4,2,2,0
VSA : 2,3,4,4,2,2,1
YJ : 2,2,2,2,2,2,0
GHI : 2,2,0,2,1,2,0
PENN : 4,2,0,1,1,2,1
TS : 1,2,4,3,1,2,1
ADVB : 2,2,2,2,2,2,1
WAB : 4,2,0,3,1,2,0
AGI : 2,2,4,1,1,2,1
RSG : 0,1,0,3,3,0,0
CCO : 2,3,3,1,2,2,0
AEMD : 2,2,2,4,2,2,0
DUO : 4,4,4,1,1,2,0
NKTR : 2,2,3,2,1,2,0
PXLW : 4,4,4,1,1,2,0
BOLT : 2,2,3,1,1,2,0
TM : 0,0,0,1,2,2,0
SHOP : 4,2,0,2,1,2,1
SABR : 3,4,4,4,3,2,0
WEX : 4,2,0,2,2,2,0
QCOM : 4,3,4,3,1,0,0
ACIW : 4,2,4,1,2,2,0
PRTG : 2,2,2,2,2,2,0
YXT : 2,2,2,2,2,2,0
USGO : 1,1,0,4,1,2,0
OB : 3,4,4,4,1,2,1
ONDS : 2,2,4,4,1,2,1
ODD : 0,1,0,0,4,2,0
SEED : 2,2,2,2,2,2,0
VFF : 2,2,3,4,1,2,1
ARM : 4,3,4,2,1,2,0
MNY : 2,2,2,2,2,2,0
AIRJ : 2,2,2,2,2,2,0
AXSM : 4,2,0,3,2,2,0
ARVN : 4,3,4,1,2,2,1
NUWE : 1,1,0,0,4,2,0
ARBB : 1,2,4,0,1,2,0
KHC : 1,2,4,1,3,2,0
MSOS : 2,2,2,2,2,2,1
CR : 4,3,4,4,1,2,0
IYJ : 2,2,2,2,2,2,1
XLI : 4,3,4,3,4,2,0
ETOR : 0,2,0,4,1,2,1
XTIA : 4,4,4,1,1,2,0
CRGY : 3,3,3,1,1,2,1
SJM : 1,3,4,4,1,2,1
GPRO : 2,3,3,4,1,2,1
MCHP : 4,2,4,3,1,0,0
NCLH : 4,3,4,3,2,1,0
RH : 4,2,0,3,1,2,0
CMTL : 3,2,4,0,4,0,0
LAKE : 1,1,0,2,1,2,0
FCNCA : 4,2,0,3,2,2,1
AIRS : 3,1,0,1,1,2,0
AQB : 2,2,3,1,1,2,0
ATHA : 2,1,1,4,2,2,0
BCAB : 2,2,2,0,1,2,0
KLTO : 1,3,4,4,4,2,0
NCNA : 2,3,2,0,1,2,0
TELA : 3,1,0,0,1,2,0
BRFH : 2,2,2,2,2,2,0
BRLS : 2,2,2,2,2,2,0
MPTI : 2,2,2,2,2,0,0
JAZZ : 3,2,0,2,3,2,0
WDC : 4,4,0,3,1,2,0
EQIX : 4,1,0,0,3,2,1
ACHR : 4,4,4,2,1,2,0
EVTL : 4,4,4,4,1,2,0
MARA : 4,2,4,0,1,2,1
CLRO : 2,2,2,4,2,1,0
BBLG : 3,4,4,4,2,2,1
CRS : 0,1,0,1,1,2,1
CRL : 4,3,4,2,2,2,1
DBI : 3,2,0,3,1,2,0
ASX : 3,3,4,4,1,0,0
NTWK : 2,2,2,2,2,2,0
UNCY : 4,4,4,4,1,2,1
BR : 2,2,2,2,2,0,0
CANG : 2,2,2,2,2,2,0
DPRO : 0,1,4,0,1,2,1
UAVS : 2,1,0,0,1,2,0
ALAR : 4,3,0,0,4,2,1
ACGL : 0,0,0,0,2,2,0
ARCB : 4,4,4,4,2,2,0
JBL : 4,3,4,2,2,2,0
LYV : 4,2,0,4,1,0,0
SVV : 3,4,4,2,1,2,0
ACLS : 4,3,4,1,3,2,0
CSAN : 2,3,4,4,4,0,0
MTSR : 4,3,4,3,1,2,0
QSG : 4,4,4,0,3,2,0
TERN : 1,2,4,4,1,2,0
UAA : 3,3,4,3,4,2,0
DYCQ : 2,2,2,2,2,2,0
WPM : 0,1,0,2,4,2,0
AUB : 4,3,4,2,2,2,1
GNS : 2,3,1,4,4,2,0
OC : 4,3,4,2,2,2,0
SNAP : 2,3,1,3,1,2,1
TGL : 1,0,0,4,1,2,0
BITB : 4,2,0,1,1,2,0
BTCO : 4,2,0,2,4,2,0
FBTC : 4,2,0,3,1,2,0
GBTC : 4,2,0,3,1,0,0
IBIT : 0,0,0,1,3,0,0
GLOB : 4,3,4,3,3,2,0
HMR : 2,1,0,0,2,2,1
BTSG : 0,1,0,0,1,2,1
CELU : 2,2,2,1,1,2,0
SPRU : 2,2,3,1,1,2,1
GGAL : 4,3,2,2,1,2,1
AFG : 1,3,4,4,1,2,0
YQ : 2,2,2,2,2,2,1
ALAB : 0,2,4,2,1,2,1
AER : 1,2,4,2,3,2,0
SVREW : 2,2,2,2,2,2,0
SVRE : 4,4,4,0,1,2,0
FAST : 4,3,4,2,3,2,0
HLI : 0,2,0,2,2,2,0
ETHE : 4,3,1,0,1,2,1
CSGS : 4,3,4,2,1,2,1
XPEV : 4,4,4,2,2,2,1
FRSH : 3,3,1,3,1,2,0
AU : 0,0,0,2,1,2,1
GNL : 2,2,3,1,1,2,0
CGNT : 0,1,0,1,3,2,1
CRVS : 3,3,4,0,1,0,0
CRVO : 2,1,0,0,1,2,0
BBAI : 4,4,4,2,3,2,1
NBIS : 4,3,0,4,3,2,0
SPCB : 2,2,4,0,1,2,0
PLAY : 4,3,4,1,2,2,0
SFIX : 3,2,0,4,3,2,1
CMPO : 2,3,4,2,4,2,0
SITM : 4,3,4,0,3,2,1
PAG : 2,2,2,2,2,2,0
PRI : 2,2,2,2,2,2,1
DPZ : 0,2,4,1,1,2,1
NVO : 0,0,0,1,1,2,1
NMAX : 0,1,4,0,3,2,0
CHWY : 0,3,4,3,2,2,0
HSDT : 4,3,4,0,1,1,0
LDTC : 2,1,0,3,2,1,0
OUST : 4,3,4,1,2,1,0
OMH : 2,1,1,0,1,2,1
TRNR : 4,4,4,4,1,2,0
VGMS : 2,2,2,2,2,2,0
VOYG : 2,2,2,2,2,2,0
TBLA : 2,3,4,4,1,2,0
IRTC : 4,2,0,1,3,0,0
EWC : 3,2,0,3,4,2,0
AIQ : 1,1,0,1,2,2,1
CHAT : 4,2,0,2,3,2,0
IYW : 4,2,0,1,1,2,1
SOFI : 4,3,4,1,1,2,1
OXM : 0,0,0,2,1,2,0
STEM : 2,1,0,4,1,2,1
BLDP : 2,1,0,1,1,2,0
SANM : 4,2,0,2,3,2,0
EQX : 2,1,0,2,1,2,0
ENTA : 3,2,0,4,1,2,0
CVGW : 4,3,4,4,4,2,0
MTCH : 4,1,0,0,2,2,0
PYPL : 4,3,0,2,1,2,0
DHR : 4,1,0,0,3,2,0
VLCN : 4,3,3,4,1,2,1
ERNA : 4,4,4,0,1,2,0
UCO : 4,3,4,0,1,1,0
INDA : 4,3,0,2,2,1,0
CSTM : 4,3,2,2,2,2,0
KARO : 0,1,0,1,2,2,0
GRMN : 4,2,0,2,3,2,0
BWIN : 4,3,4,0,2,2,0
HIPO : 4,3,4,3,4,2,0
LFCR : 2,2,0,4,1,2,0
TAC : 3,3,4,0,1,0,0
CVKD : 3,2,0,0,2,2,0
AFYA : 3,2,0,4,1,2,0
HOTH : 2,3,3,4,4,0,0
NOW : 0,2,4,1,1,2,1
TNXP : 0,1,4,0,2,2,0
WT : 3,2,0,1,1,0,0
VTAK : 2,2,0,1,1,2,0
SLP : 0,1,0,0,1,2,0
NCPL : 1,1,0,0,1,2,1
LIMN : 0,2,4,0,1,2,1
WINT : 2,2,2,4,1,2,1
NWPX : 0,2,0,4,2,2,0
ELAN : 3,2,0,2,3,0,0
NEXT : 3,3,4,0,1,2,0
QNCX : 2,2,2,0,2,2,1
ONTO : 0,1,0,0,3,2,1
CLDX : 2,2,4,4,1,2,1
ONCO : 2,3,3,0,2,1,0
AIT : 0,1,0,2,2,2,0
GENC : 2,1,0,1,3,2,1
XOP : 4,3,4,3,1,1,0
APPS : 1,2,1,0,4,2,1
BIAF : 2,2,2,0,1,2,1
CGBS : 2,3,3,0,4,2,0
EONR : 2,3,3,0,4,2,1
FGEN : 4,4,4,2,1,2,0
SPHL : 2,1,0,0,1,0,0
ELVN : 4,3,4,0,2,2,0
GD : 4,4,4,2,4,1,0
DAY : 0,1,0,1,1,2,0
RZLV : 2,2,0,2,1,2,1
TURN : 2,2,2,2,2,2,0
CURI : 3,1,0,0,1,2,1
XLC : 4,4,4,3,2,1,0
RIOT : 1,1,0,1,1,0,0
DAN : 1,1,0,4,2,0,0
LEN : 0,1,1,1,2,2,0
URGN : 4,2,0,2,1,2,0
CSL : 0,1,0,1,2,2,0
ADCT : 2,2,1,2,1,2,0
APD : 2,2,2,2,2,0,0
LIN : 0,2,4,2,1,2,0
AIRO : 4,3,4,2,1,2,1
TLN : 4,3,0,3,2,0,0
SEI : 4,2,0,0,2,2,1
USFD : 2,1,0,2,2,2,0
WERN : 3,2,2,2,3,2,0
WHR : 4,3,4,3,2,2,1
QSR : 0,2,4,2,1,1,0
YUM : 3,2,4,2,1,1,0
KKR : 0,2,4,0,2,2,1
APO : 2,2,2,2,2,2,0
EBAY : 0,2,4,1,2,2,0
ISRA : 2,2,2,2,2,2,0
FELE : 1,2,4,0,1,2,1
JCI : 4,3,4,2,2,2,1
OSIS : 4,1,0,2,2,2,0
CUK : 0,1,4,2,1,2,0
CERO : 0,2,4,1,1,2,1
ARTL : 4,2,0,0,1,2,0
APLM : 2,2,2,2,2,2,0
BMGL : 1,1,0,4,1,2,0
CLDI : 2,2,2,2,1,2,0
ENTO : 2,2,2,4,1,2,0
HCTI : 2,2,2,0,1,2,0
IRWD : 2,2,3,0,1,2,0
JUNS : 1,2,1,2,1,2,0
PACB : 2,2,1,0,1,2,1
RLYB : 2,2,3,4,1,2,0
SSII : 0,2,4,4,2,2,1
VOR : 2,2,2,4,1,2,0
DFLI : 1,1,0,4,1,2,0
ENGS : 0,2,0,4,1,2,1
TIGO : 4,2,4,2,3,2,0
TMDX : 0,2,0,2,2,2,1
MSI : 4,3,0,1,2,2,1
GCTK : 2,2,4,3,1,2,0
VLO : 4,2,0,2,1,2,0
EXLS : 3,2,4,2,4,2,0
KTOS : 4,3,4,4,1,2,1
JSPR : 2,3,4,0,1,2,1
FOX : 2,2,2,2,2,2,0
FOXA : 0,1,0,2,3,0,0
SSRM : 3,2,1,4,1,1,0
AIOT : 2,3,4,4,3,2,0
RNW : 2,4,4,4,1,2,1
MKC : 4,1,0,1,2,2,0
OMSE : 2,2,4,4,1,2,0
FRPT : 0,1,0,4,1,0,0
ASNS : 2,2,2,3,4,0,0
AVIV : 2,2,2,2,2,2,0
OXY : 4,1,0,2,2,2,1
TEL : 0,2,0,4,1,2,0
AAON : 0,2,4,3,2,2,0
KEY : 1,3,4,1,2,2,1
TRI : 2,2,2,2,2,0,0
TYGO : 2,2,3,0,1,2,0
EXE : 4,3,4,4,2,2,0
EQT : 4,3,4,1,2,2,1
TESL : 4,2,0,1,1,2,1
TSLW : 4,3,4,0,2,2,0
XLY : 4,3,4,4,4,2,0
LVS : 4,4,4,1,1,2,1
MGM : 2,2,0,3,2,2,1
NOC : 0,1,0,4,2,2,0
FMS : 2,2,0,1,4,2,0
ONIT : 0,1,0,3,3,2,1
COOP : 4,2,0,1,1,2,0
DEVS : 2,2,2,0,1,2,1
AMBC : 3,1,0,0,2,2,0
CRWS : 2,2,2,2,2,2,0
NFGC : 2,2,2,2,1,2,0
DGX : 2,2,2,2,2,2,1
ROP : 0,1,0,1,1,2,1
RAPT : 2,3,4,4,1,1,0
SNSE : 4,3,4,4,1,2,1
HIG : 0,0,0,2,3,2,0
RTX : 4,3,4,2,1,2,1
XPH : 2,2,2,2,2,2,1
FDX : 0,2,4,3,3,2,0
KIRK : 2,2,0,4,2,2,0
SAGE : 4,3,0,2,1,2,0
DATS : 3,3,4,4,4,2,1
SGRY : 0,0,0,0,2,0,0
ESPR : 2,2,2,0,2,2,1
RCAT : 3,1,0,0,4,2,0
ALKS : 0,2,4,2,2,2,0
ROKU : 4,0,0,2,1,2,0
LAES : 1,1,0,0,2,2,1
PCSA : 2,2,2,0,1,2,1
TTD : 2,1,0,3,2,2,1
RBNE : 1,4,4,0,3,2,0
LRCX : 4,2,0,1,2,2,0
BND : 3,2,4,2,2,0,0
EEMA : 0,1,0,2,4,2,0
AEVA : 4,2,0,1,3,0,0
CAPR : 0,4,4,4,4,2,0
ACXP : 3,3,4,0,1,0,0
SDST : 1,0,1,0,2,2,1
SLRX : 3,2,0,4,1,2,1
LDI : 2,2,2,2,1,2,0
CLPT : 0,1,0,1,1,0,0
SITC : 1,3,4,3,1,2,1
SARO : 1,1,0,2,2,2,0
BANX : 3,1,0,2,1,2,1
SHYF : 2,2,2,2,2,2,0
AME : 0,2,4,2,1,2,0
CX : 2,1,1,2,1,2,0
MORN : 0,2,4,4,1,2,1
CHE : 0,2,0,2,3,2,0
EXR : 0,1,0,2,3,2,0
TDY : 0,2,4,2,2,2,0
HAS : 0,1,0,2,2,2,0
ESLT : 4,2,0,0,3,2,0
INFY : 1,3,4,2,2,2,1
RYDE : 2,3,2,4,4,0,0
VMEO : 1,1,1,4,1,0,0
WPP : 0,0,0,0,1,0,0
OTF : 2,2,2,2,2,2,0
VNCE : 2,1,0,4,1,2,0
ARRY : 1,1,0,2,4,2,0
AFRM : 2,2,4,3,4,2,1
PRU : 2,2,4,2,3,2,1
DE : 0,1,0,1,1,2,1
CVM : 2,1,0,2,2,2,0
MAIA : 2,3,4,4,4,0,0
GSHD : 0,1,4,2,1,2,0
PRCH : 2,2,2,0,4,2,0
LW : 0,1,0,1,2,2,0
DYN : 0,2,4,2,2,2,1
FLL : 4,3,4,0,4,2,0
NICE : 0,0,0,2,2,2,0
SLDE : 2,2,2,2,2,2,0
PPL : 2,2,2,2,2,2,0
OGS : 0,2,4,2,2,0,0
NEE : 0,2,4,2,3,2,1
LYFT : 2,1,0,3,4,2,1
KMX : 3,2,0,2,2,2,1
FCEL : 1,2,4,4,1,2,1
DOV : 2,2,2,2,2,2,1
GRRR : 0,3,4,0,3,2,0
IAU : 1,1,0,2,1,0,0
NEM : 3,2,0,2,3,0,0
RGLD : 2,2,2,2,2,2,1
AEHL : 2,2,2,2,1,2,0
CDLX : 1,2,4,4,1,2,0
LILA : 2,2,1,0,1,2,0
MPU : 2,3,3,0,1,2,0
NIPG : 2,3,4,4,1,2,0
PODC : 2,2,2,2,1,2,0
PSQH : 2,2,2,4,1,2,0
PUBM : 2,3,4,4,4,2,0
SPHR : 0,3,4,4,2,2,0
FCPT : 2,2,2,2,2,2,1
BNRG : 4,4,4,0,1,2,0
XXII : 4,4,4,4,1,2,0
WAR : 2,2,2,2,2,2,1
LOOP : 2,2,2,2,2,2,1
SOL : 2,2,1,4,1,2,1
MOLN : 2,2,2,2,2,2,0
NWS : 2,2,2,2,2,2,0
EXEL : 4,1,0,4,1,2,1
MTVA : 2,2,2,4,3,2,0
EBF : 2,2,2,2,2,2,0
IAG : 3,2,0,2,1,2,0
PTCT : 2,2,2,2,2,2,0
CDTX : 2,2,2,2,2,2,1
VTR : 2,2,2,2,2,2,0
PPC : 2,2,2,2,2,2,0
OMC : 2,2,2,2,2,2,1
ZOOZ : 2,2,2,2,2,0,0
XLB : 4,2,0,1,2,2,1
XLK : 4,3,0,2,2,2,1
XLP : 0,3,4,2,2,2,0
XLRE : 0,2,4,2,3,2,0
XLU : 2,3,4,2,3,1,0
BNO : 1,1,0,0,3,1,0
SANA : 2,2,4,0,3,2,1
WNC : 2,2,2,2,2,0,0
GDDY : 2,2,2,2,2,2,0
VRNA : 4,3,4,0,3,0,0
LAB : 3,3,1,0,1,0,0
BK : 0,1,0,2,2,2,0
NTRS : 2,2,2,2,2,2,1
DCO : 2,2,2,2,2,2,1
SAM : 2,2,2,2,2,2,0
EPSM : 2,2,2,2,2,0,0
HDL : 2,2,2,2,2,2,0
HOUR : 2,2,2,2,2,2,0
JXG : 2,2,2,2,2,2,0
KIDZ : 1,1,0,1,1,2,1
MAMO : 2,2,2,2,2,2,0
PHH : 4,4,4,3,2,2,1
PMNT : 1,1,3,0,2,2,0
SRM : 4,2,0,4,1,2,0
GXO : 4,3,3,3,1,2,1
TTGT : 2,2,2,2,2,0,0
LNTH : 2,2,2,2,2,2,1
BNDX : 2,2,2,2,2,2,0
VCIT : 2,2,2,2,2,0,0
VO : 2,2,2,2,2,2,1
VOO : 4,3,4,1,3,2,0
VUG : 4,3,4,3,1,2,0
VXUS : 0,2,4,2,1,2,1
KBH : 4,2,4,2,1,2,0
EHLD : 1,0,0,4,2,2,1
SHIM : 2,2,2,2,2,0,0
OII : 0,1,0,0,1,2,1
BAOS : 1,1,0,0,1,2,1
BBGI : 0,2,0,4,2,2,1
DHX : 2,3,4,4,3,2,0
GIBO : 0,1,2,0,1,2,0
MITQ : 2,2,0,1,1,2,1
SSP : 2,2,2,2,2,2,0
TBH : 2,2,0,4,1,2,0
TV : 2,2,0,1,1,2,0
XHLD : 2,2,3,0,1,2,0
ZD : 2,2,2,2,2,2,0
ABP : 2,2,2,4,1,2,0
APYX : 2,2,2,2,2,2,0
CARM : 2,2,2,4,1,2,0
DUK : 2,2,2,2,2,2,0
MC : 2,2,2,2,2,2,0
CW : 2,2,2,2,2,2,1
EL : 4,3,4,3,1,2,0
OLPX : 2,2,2,2,2,2,0
LII : 2,2,2,2,2,2,0
JDZG : 2,2,2,4,1,1,0
DIN : 2,2,2,2,2,2,0
SOUN : 2,3,4,3,1,2,1
UMBF : 2,2,2,2,2,2,0
CRMD : 4,2,4,0,1,2,1
HGTY : 2,2,2,2,2,2,0
TRU : 4,1,0,0,4,2,0
TU : 2,2,2,2,2,2,0
NA : 2,2,2,2,2,2,0
AMBI : 2,2,2,2,2,2,0
LSPD : 2,2,2,2,2,2,1
IPA : 2,2,1,0,4,2,0
WATT : 2,3,2,1,1,2,0
CTSO : 2,2,2,2,2,2,1
MA : 4,3,4,2,1,0,0
KVAC : 2,2,2,2,2,2,0
SGMO : 2,3,3,0,3,2,0
ICON : 1,1,1,4,2,0,0
SES : 2,4,4,4,4,2,0
WRAP : 2,2,2,4,1,2,1
ESS : 0,1,0,3,4,2,1
SNN : 4,3,4,4,2,2,0
A : 2,2,2,2,2,0,0
HR : 4,2,1,0,3,2,0
SN : 4,3,4,3,2,2,0
TXG : 3,2,0,2,2,2,0
AMBA : 4,4,4,2,1,2,0
IE : 2,3,4,0,1,0,0
TEXN : 2,2,2,2,2,2,0
ABT : 4,3,4,4,4,2,0
DXCM : 0,3,4,4,4,2,0
SENS : 2,2,2,4,1,2,0
TNDM : 2,2,4,1,3,2,0
WLDS : 2,2,4,0,4,2,0
RCL : 4,2,0,1,1,2,0
GNRC : 4,3,4,1,2,2,0
CCCM : 0,1,4,2,1,2,1
JBHT : 2,2,2,2,2,0,0
DAKT : 4,3,4,4,1,2,0
ALLT : 2,1,0,0,1,2,0
SRFM : 4,4,4,4,1,2,0
BIVI : 2,2,2,2,1,2,0
GNTY : 2,2,2,2,2,2,0
BB : 2,1,0,2,1,2,0
UPST : 4,4,4,4,1,2,0
TKR : 2,2,2,2,2,2,0
LDOS : 4,3,4,2,1,2,0
IR : 4,4,4,2,1,2,0
GPI : 4,1,0,1,3,2,0
JLL : 2,2,2,2,2,2,0
LRN : 2,1,0,2,4,2,0
CWST : 2,2,2,2,2,2,0
QS : 4,3,4,0,1,2,1
EVO : 3,3,4,0,2,2,0
DFGR : 2,1,0,2,3,2,0
IYR : 4,1,0,2,2,2,0
CULP : 2,2,2,2,2,2,0
FUL : 4,3,4,4,3,1,0
GIS : 0,2,4,1,2,2,0
EEM : 4,3,4,2,1,1,0
ALMU : 4,2,4,1,1,2,1
ICLN : 3,3,4,4,1,0,0
VERI : 2,2,0,4,1,2,0
LWACU : 2,2,2,2,2,2,0
OBAWU : 2,2,2,2,2,2,0
WSO : 0,1,0,2,2,2,1
BLMN : 1,2,3,2,3,2,1
BMBL : 4,2,0,2,2,2,1
FMFC : 2,2,2,2,2,2,1
BP : 2,2,4,3,1,2,0
FLNC : 3,3,4,4,1,2,1
AMBP : 2,3,2,2,4,2,0
POET : 4,4,4,4,2,2,0
CAIE : 2,2,2,2,2,2,0
BRKR : 4,3,4,2,3,2,0
TMO : 4,3,4,3,4,1,0
GKOS : 1,3,4,2,2,2,0
MLKN : 4,3,4,4,4,2,0
SCS : 3,1,0,0,3,1,0
EPWK : 2,3,3,4,1,2,0
FTRK : 0,2,4,0,1,2,0
IOTR : 2,2,2,4,1,2,0
SEAT : 1,2,4,4,1,2,1
STRZ : 3,2,4,2,2,2,0
ADIL : 2,3,4,4,4,2,0
ADTX : 3,3,4,0,1,2,0
ICU : 2,2,1,3,1,2,1
GRBK : 4,0,0,1,1,2,0
AYRO : 4,4,4,0,1,2,0
BREA : 4,4,4,0,1,2,0
SMCI : 4,3,4,2,1,2,0
WBA : 2,3,3,1,4,2,0
CHRW : 0,1,4,2,1,2,1
GLNG : 0,2,4,4,1,2,0
HII : 0,3,4,2,1,1,0
GDS : 4,2,0,2,1,2,0
KALV : 1,2,4,0,1,0,0
ALT : 4,1,0,0,4,0,0
PTGX : 4,4,4,2,1,2,1
BTBT : 1,0,0,0,4,2,1
ENTX : 2,2,2,2,2,2,0
NAOV : 2,2,2,0,2,2,1
ATYR : 2,2,2,4,1,2,0
MTEK : 1,2,4,4,2,0,0
GPOR : 1,3,4,2,2,2,1
JLHL : 2,2,2,2,2,2,1
MLR : 2,2,2,3,2,2,0
BWFG : 2,2,2,2,2,2,0
PFS : 4,4,4,2,1,2,0
WGO : 0,2,4,4,2,2,0
AMPY : 2,3,4,3,1,2,0
IRD : 2,2,1,3,1,2,0
VTRS : 3,3,4,1,2,2,1
RDW : 4,3,4,2,1,2,0
IP : 3,2,1,3,2,2,1
CELH : 4,2,0,2,2,2,1
MATX : 0,3,4,1,2,2,1
CNXC : 0,1,4,4,2,2,0
IMCC : 2,1,0,0,3,2,0
RANI : 2,3,4,4,2,2,0
JFBR : 4,3,4,4,1,2,0
ADD : 2,1,1,0,1,2,1
EVTV : 2,2,2,4,1,2,0
SKX : 3,3,3,2,1,2,0
AMTM : 4,3,2,2,4,2,0
NTRA : 0,3,4,0,2,2,0
EHC : 4,2,0,2,3,2,0
CORZ : 4,4,4,0,1,2,0
CYN : 4,2,0,0,2,2,1
AIRI : 2,2,4,4,4,2,0
APOG : 4,4,4,4,2,2,1
CNVS : 3,3,4,1,2,2,0
IDYA : 3,2,4,4,1,2,0
HITI : 2,2,2,2,1,0,0
NNE : 0,1,0,0,4,2,0
INM : 1,2,2,1,3,2,1
HASI : 4,4,4,2,2,0,0
CLMB : 2,2,2,2,2,2,1
FFBC : 4,4,4,2,3,1,0
ALLR : 2,2,2,3,3,2,0
AYI : 4,1,0,2,3,2,1
FIGXU : 2,2,2,2,2,2,0
RILY : 2,2,4,0,2,2,0
AEIS : 4,2,0,2,1,2,1
HIVE : 2,2,2,4,3,2,1
ZIM : 4,3,4,0,2,2,1
VERV : 2,2,3,1,1,2,1
ABAT : 3,3,4,0,4,2,0
CVCO : 4,3,4,2,3,2,1
SST : 0,0,0,2,4,2,0
AZEK : 4,3,4,0,1,2,0
AVDL : 1,2,3,0,1,2,0
LRFC : 2,2,2,2,2,2,1
PTMN : 2,2,2,2,2,2,1
XENE : 4,3,4,2,4,2,0
GAME : 2,3,3,4,1,2,0
MBRX : 2,1,2,0,4,2,1
FTEL : 2,3,2,2,1,2,1
LIVE : 4,3,4,2,1,2,0
NDLS : 2,2,1,2,1,2,0
NVFY : 2,2,2,0,4,2,0
RCKY : 4,2,3,0,4,2,0
AMIX : 3,2,0,4,1,2,1
IKT : 2,1,2,0,1,2,0
ODYS : 2,2,2,2,2,2,1
OGEN : 2,2,4,4,1,2,0
MSN : 2,2,2,2,2,2,1
SNFCA : 2,3,4,4,1,2,0
MXC : 0,2,4,0,1,2,1
ADP : 0,2,4,2,1,2,0
IGC : 2,3,2,4,4,2,0
AIMD : 4,4,4,2,2,2,1
AIMDW : 2,2,2,2,2,2,1
TPL : 0,2,0,1,1,2,1
APG : 2,3,4,4,1,2,1
GHLD : 2,2,2,2,2,2,1
CEG : 4,2,0,0,1,2,0
FOXO : 2,2,2,4,4,2,1
MIRA : 2,3,2,0,4,2,1
BROS : 4,3,4,0,2,2,1
FRGT : 2,0,1,0,1,2,1
ANSS : 2,2,2,2,2,2,0
FRD : 2,2,2,2,2,2,0
INDV : 2,3,4,4,1,0,0
CSIQ : 4,2,0,4,2,2,0
JKS : 4,2,0,4,1,2,1
SHLS : 0,1,0,4,4,2,1
SPWR : 2,2,4,0,1,2,0
BE : 4,3,4,4,4,0,0
DAVE : 4,3,4,4,2,2,1
DNA : 4,3,4,4,2,2,1
GMS : 4,4,4,2,2,2,1
JNPR : 4,4,4,2,2,0,0
MGNI : 4,4,4,2,4,0,0
NFE : 4,4,4,4,3,0,0
